            0.0000            0.0000            0.0000
            0.0244            0.0000            0.0000
            0.0488            0.0000            0.0000
            0.0732            0.0000            0.0000
            0.0976            0.0000            0.0000
            0.1220            0.0000            0.0000
            0.1463            0.0000            0.0000
            0.1707            0.0000            0.0000
            0.1951            0.0000            0.0000
            0.2195            0.0000            0.0000
            0.2439            0.0000            0.0000
            0.2683            0.0000            0.0000
            0.2927            0.0000            0.0000
            0.3171            0.0000            0.0000
            0.3415            0.0000            0.0000
            0.3659            0.0000            0.0000
            0.3902            0.0000            0.0000
            0.4146            0.0000            0.0000
            0.4390            0.0000            0.0000
            0.4634            0.0000            0.0000
            0.4878            0.0000            0.0000
            0.5122            0.0000            0.0000
            0.5366            0.0000            0.0000
            0.5610            0.0000            0.0000
            0.5854            0.0000            0.0000
            0.6098            0.0000            0.0000
            0.6341            0.0000            0.0000
            0.6585            0.0000            0.0000
            0.6829            0.0000            0.0000
            0.7073            0.0000            0.0000
            0.7317            0.0000            0.0000
            0.7561            0.0000            0.0000
            0.7805            0.0000            0.0000
            0.8049            0.0000            0.0000
            0.8293            0.0000            0.0000
            0.8537            0.0000            0.0000
            0.8780            0.0000            0.0000
            0.9024            0.0000            0.0000
            0.9268            0.0000            0.0000
            0.9512            0.0000            0.0000
            0.9756            0.0000            0.0000
            1.0000            0.0000            0.0000
            1.0000            0.0244            0.0000
            1.0000            0.0488            0.0000
            1.0000            0.0732            0.0000
            1.0000            0.0976            0.0000
            1.0000            0.1220            0.0000
            1.0000            0.1463            0.0000
            1.0000            0.1707            0.0000
            1.0000            0.1951            0.0000
            1.0000            0.2195            0.0000
            1.0000            0.2439            0.0000
            1.0000            0.2683            0.0000
            1.0000            0.2927            0.0000
            1.0000            0.3171            0.0000
            1.0000            0.3415            0.0000
            1.0000            0.3659            0.0000
            1.0000            0.3902            0.0000
            1.0000            0.4146            0.0000
            1.0000            0.4390            0.0000
            1.0000            0.4634            0.0000
            1.0000            0.4878            0.0000
            1.0000            0.5122            0.0000
            1.0000            0.5366            0.0000
            1.0000            0.5610            0.0000
            1.0000            0.5854            0.0000
            1.0000            0.6098            0.0000
            1.0000            0.6341            0.0000
            1.0000            0.6585            0.0000
            1.0000            0.6829            0.0000
            1.0000            0.7073            0.0000
            1.0000            0.7317            0.0000
            1.0000            0.7561            0.0000
            1.0000            0.7805            0.0000
            1.0000            0.8049            0.0000
            1.0000            0.8293            0.0000
            1.0000            0.8537            0.0000
            1.0000            0.8780            0.0000
            1.0000            0.9024            0.0000
            1.0000            0.9268            0.0000
            1.0000            0.9512            0.0000
            1.0000            0.9756            0.0000
            1.0000            1.0000            0.0000
            0.9756            1.0000            0.0000
            0.9512            1.0000            0.0000
            0.9268            1.0000            0.0000
            0.9024            1.0000            0.0000
            0.8780            1.0000            0.0000
            0.8537            1.0000            0.0000
            0.8293            1.0000            0.0000
            0.8049            1.0000            0.0000
            0.7805            1.0000            0.0000
            0.7561            1.0000            0.0000
            0.7317            1.0000            0.0000
            0.7073            1.0000            0.0000
            0.6829            1.0000            0.0000
            0.6585            1.0000            0.0000
            0.6341            1.0000            0.0000
            0.6098            1.0000            0.0000
            0.5854            1.0000            0.0000
            0.5610            1.0000            0.0000
            0.5366            1.0000            0.0000
            0.5122            1.0000            0.0000
            0.4878            1.0000            0.0000
            0.4634            1.0000            0.0000
            0.4390            1.0000            0.0000
            0.4146            1.0000            0.0000
            0.3902            1.0000            0.0000
            0.3659            1.0000            0.0000
            0.3415            1.0000            0.0000
            0.3171            1.0000            0.0000
            0.2927            1.0000            0.0000
            0.2683            1.0000            0.0000
            0.2439            1.0000            0.0000
            0.2195            1.0000            0.0000
            0.1951            1.0000            0.0000
            0.1707            1.0000            0.0000
            0.1463            1.0000            0.0000
            0.1220            1.0000            0.0000
            0.0976            1.0000            0.0000
            0.0732            1.0000            0.0000
            0.0488            1.0000            0.0000
            0.0244            1.0000            0.0000
            0.0000            1.0000            0.0000
            0.0000            0.9756            0.0000
            0.0000            0.9512            0.0000
            0.0000            0.9268            0.0000
            0.0000            0.9024            0.0000
            0.0000            0.8780            0.0000
            0.0000            0.8537            0.0000
            0.0000            0.8293            0.0000
            0.0000            0.8049            0.0000
            0.0000            0.7805            0.0000
            0.0000            0.7561            0.0000
            0.0000            0.7317            0.0000
            0.0000            0.7073            0.0000
            0.0000            0.6829            0.0000
            0.0000            0.6585            0.0000
            0.0000            0.6341            0.0000
            0.0000            0.6098            0.0000
            0.0000            0.5854            0.0000
            0.0000            0.5610            0.0000
            0.0000            0.5366            0.0000
            0.0000            0.5122            0.0000
            0.0000            0.4878            0.0000
            0.0000            0.4634            0.0000
            0.0000            0.4390            0.0000
            0.0000            0.4146            0.0000
            0.0000            0.3902            0.0000
            0.0000            0.3659            0.0000
            0.0000            0.3415            0.0000
            0.0000            0.3171            0.0000
            0.0000            0.2927            0.0000
            0.0000            0.2683            0.0000
            0.0000            0.2439            0.0000
            0.0000            0.2195            0.0000
            0.0000            0.1951            0.0000
            0.0000            0.1707            0.0000
            0.0000            0.1463            0.0000
            0.0000            0.1220            0.0000
            0.0000            0.0976            0.0000
            0.0000            0.0732            0.0000
            0.0000            0.0488            0.0000
            0.0000            0.0244            0.0000
            1.0000            0.0000            0.0000
            1.0244            0.0000            0.0000
            1.0488            0.0000            0.0000
            1.0732            0.0000            0.0000
            1.0976            0.0000            0.0000
            1.1220            0.0000            0.0000
            1.1463            0.0000            0.0000
            1.1707            0.0000            0.0000
            1.1951            0.0000            0.0000
            1.2195            0.0000            0.0000
            1.2439            0.0000            0.0000
            1.2683            0.0000            0.0000
            1.2927            0.0000            0.0000
            1.3171            0.0000            0.0000
            1.3415            0.0000            0.0000
            1.3659            0.0000            0.0000
            1.3902            0.0000            0.0000
            1.4146            0.0000            0.0000
            1.4390            0.0000            0.0000
            1.4634            0.0000            0.0000
            1.4878            0.0000            0.0000
            1.5122            0.0000            0.0000
            1.5366            0.0000            0.0000
            1.5610            0.0000            0.0000
            1.5854            0.0000            0.0000
            1.6098            0.0000            0.0000
            1.6341            0.0000            0.0000
            1.6585            0.0000            0.0000
            1.6829            0.0000            0.0000
            1.7073            0.0000            0.0000
            1.7317            0.0000            0.0000
            1.7561            0.0000            0.0000
            1.7805            0.0000            0.0000
            1.8049            0.0000            0.0000
            1.8293            0.0000            0.0000
            1.8537            0.0000            0.0000
            1.8780            0.0000            0.0000
            1.9024            0.0000            0.0000
            1.9268            0.0000            0.0000
            1.9512            0.0000            0.0000
            1.9756            0.0000            0.0000
            2.0000            0.0000            0.0000
            2.0000            0.0244            0.0000
            2.0000            0.0488            0.0000
            2.0000            0.0732            0.0000
            2.0000            0.0976            0.0000
            2.0000            0.1220            0.0000
            2.0000            0.1463            0.0000
            2.0000            0.1707            0.0000
            2.0000            0.1951            0.0000
            2.0000            0.2195            0.0000
            2.0000            0.2439            0.0000
            2.0000            0.2683            0.0000
            2.0000            0.2927            0.0000
            2.0000            0.3171            0.0000
            2.0000            0.3415            0.0000
            2.0000            0.3659            0.0000
            2.0000            0.3902            0.0000
            2.0000            0.4146            0.0000
            2.0000            0.4390            0.0000
            2.0000            0.4634            0.0000
            2.0000            0.4878            0.0000
            2.0000            0.5122            0.0000
            2.0000            0.5366            0.0000
            2.0000            0.5610            0.0000
            2.0000            0.5854            0.0000
            2.0000            0.6098            0.0000
            2.0000            0.6341            0.0000
            2.0000            0.6585            0.0000
            2.0000            0.6829            0.0000
            2.0000            0.7073            0.0000
            2.0000            0.7317            0.0000
            2.0000            0.7561            0.0000
            2.0000            0.7805            0.0000
            2.0000            0.8049            0.0000
            2.0000            0.8293            0.0000
            2.0000            0.8537            0.0000
            2.0000            0.8780            0.0000
            2.0000            0.9024            0.0000
            2.0000            0.9268            0.0000
            2.0000            0.9512            0.0000
            2.0000            0.9756            0.0000
            2.0000            1.0000            0.0000
            1.9756            1.0000            0.0000
            1.9512            1.0000            0.0000
            1.9268            1.0000            0.0000
            1.9024            1.0000            0.0000
            1.8780            1.0000            0.0000
            1.8537            1.0000            0.0000
            1.8293            1.0000            0.0000
            1.8049            1.0000            0.0000
            1.7805            1.0000            0.0000
            1.7561            1.0000            0.0000
            1.7317            1.0000            0.0000
            1.7073            1.0000            0.0000
            1.6829            1.0000            0.0000
            1.6585            1.0000            0.0000
            1.6341            1.0000            0.0000
            1.6098            1.0000            0.0000
            1.5854            1.0000            0.0000
            1.5610            1.0000            0.0000
            1.5366            1.0000            0.0000
            1.5122            1.0000            0.0000
            1.4878            1.0000            0.0000
            1.4634            1.0000            0.0000
            1.4390            1.0000            0.0000
            1.4146            1.0000            0.0000
            1.3902            1.0000            0.0000
            1.3659            1.0000            0.0000
            1.3415            1.0000            0.0000
            1.3171            1.0000            0.0000
            1.2927            1.0000            0.0000
            1.2683            1.0000            0.0000
            1.2439            1.0000            0.0000
            1.2195            1.0000            0.0000
            1.1951            1.0000            0.0000
            1.1707            1.0000            0.0000
            1.1463            1.0000            0.0000
            1.1220            1.0000            0.0000
            1.0976            1.0000            0.0000
            1.0732            1.0000            0.0000
            1.0488            1.0000            0.0000
            1.0244            1.0000            0.0000
            1.0000            1.0000            0.0000
            1.0000            0.9756            0.0000
            1.0000            0.9512            0.0000
            1.0000            0.9268            0.0000
            1.0000            0.9024            0.0000
            1.0000            0.8780            0.0000
            1.0000            0.8537            0.0000
            1.0000            0.8293            0.0000
            1.0000            0.8049            0.0000
            1.0000            0.7805            0.0000
            1.0000            0.7561            0.0000
            1.0000            0.7317            0.0000
            1.0000            0.7073            0.0000
            1.0000            0.6829            0.0000
            1.0000            0.6585            0.0000
            1.0000            0.6341            0.0000
            1.0000            0.6098            0.0000
            1.0000            0.5854            0.0000
            1.0000            0.5610            0.0000
            1.0000            0.5366            0.0000
            1.0000            0.5122            0.0000
            1.0000            0.4878            0.0000
            1.0000            0.4634            0.0000
            1.0000            0.4390            0.0000
            1.0000            0.4146            0.0000
            1.0000            0.3902            0.0000
            1.0000            0.3659            0.0000
            1.0000            0.3415            0.0000
            1.0000            0.3171            0.0000
            1.0000            0.2927            0.0000
            1.0000            0.2683            0.0000
            1.0000            0.2439            0.0000
            1.0000            0.2195            0.0000
            1.0000            0.1951            0.0000
            1.0000            0.1707            0.0000
            1.0000            0.1463            0.0000
            1.0000            0.1220            0.0000
            1.0000            0.0976            0.0000
            1.0000            0.0732            0.0000
            1.0000            0.0488            0.0000
            1.0000            0.0244            0.0000
