            0.5000            0.0000            0.0000            0.0000
            0.4992            0.0286            0.0000            0.0000
            0.4967            0.0577            0.0000            0.0000
            0.4923            0.0873            0.0000            0.0000
            0.4861            0.1170            0.0000            0.0000
            0.4779            0.1469            0.0000            0.0000
            0.4678            0.1767            0.0000            0.0000
            0.4556            0.2061            0.0000            0.0000
            0.4413            0.2350            0.0000            0.0000
            0.4251            0.2632            0.0000            0.0000
            0.4069            0.2906            0.0000            0.0000
            0.3869            0.3167            0.0000            0.0000
            0.3651            0.3416            0.0000            0.0000
            0.3416            0.3651            0.0000            0.0000
            0.3167            0.3869            0.0000            0.0000
            0.2906            0.4069            0.0000            0.0000
            0.2632            0.4251            0.0000            0.0000
            0.2350            0.4413            0.0000            0.0000
            0.2061            0.4556            0.0000            0.0000
            0.1767            0.4678            0.0000            0.0000
            0.1469            0.4779            0.0000            0.0000
            0.1170            0.4861            0.0000            0.0000
            0.0873            0.4923            0.0000            0.0000
            0.0577            0.4967            0.0000            0.0000
            0.0286            0.4992            0.0000            0.0000
            0.0000            0.5000            0.0000            0.0000
            0.5200            0.0000            0.0000            6.7946
            0.5191            0.0297            0.0000            6.2421
            0.5165            0.0600            0.0000            5.7785
            0.5120            0.0908            0.0000            5.4039
            0.5056            0.1217            0.0000            5.1182
            0.4970            0.1528            0.0000            4.9215
            0.4865            0.1837            0.0000            4.8137
            0.4738            0.2143            0.0000            4.7717
            0.4590            0.2444            0.0000            4.7388
            0.4421            0.2738            0.0000            4.7125
            0.4232            0.3022            0.0000            4.6928
            0.4023            0.3294            0.0000            4.6796
            0.3797            0.3553            0.0000            4.6730
            0.3553            0.3797            0.0000            4.6730
            0.3294            0.4023            0.0000            4.6796
            0.3022            0.4232            0.0000            4.6928
            0.2738            0.4421            0.0000            4.7125
            0.2444            0.4590            0.0000            4.7388
            0.2143            0.4738            0.0000            4.7717
            0.1837            0.4865            0.0000            4.8137
            0.1528            0.4970            0.0000            4.9215
            0.1217            0.5056            0.0000            5.1182
            0.0908            0.5120            0.0000            5.4039
            0.0600            0.5165            0.0000            5.7785
            0.0297            0.5191            0.0000            6.2421
            0.0000            0.5200            0.0000            6.7946
            0.5400            0.0000            0.0000           13.5891
            0.5391            0.0309            0.0000           12.4841
            0.5364            0.0624            0.0000           11.5571
            0.5317            0.0942            0.0000           10.8078
            0.5250            0.1264            0.0000           10.2365
            0.5162            0.1587            0.0000            9.8430
            0.5052            0.1908            0.0000            9.6274
            0.4920            0.2226            0.0000            9.5434
            0.4766            0.2538            0.0000            9.4776
            0.4591            0.2843            0.0000            9.4250
            0.4395            0.3138            0.0000            9.3856
            0.4178            0.3421            0.0000            9.3592
            0.3943            0.3690            0.0000            9.3461
            0.3690            0.3943            0.0000            9.3461
            0.3421            0.4178            0.0000            9.3592
            0.3138            0.4395            0.0000            9.3856
            0.2843            0.4591            0.0000            9.4250
            0.2538            0.4766            0.0000            9.4776
            0.2226            0.4920            0.0000            9.5434
            0.1908            0.5052            0.0000            9.6274
            0.1587            0.5162            0.0000            9.8430
            0.1264            0.5250            0.0000           10.2365
            0.0942            0.5317            0.0000           10.8078
            0.0624            0.5364            0.0000           11.5571
            0.0309            0.5391            0.0000           12.4842
            0.0000            0.5400            0.0000           13.5891
            0.5600            0.0000            0.0000           20.3837
            0.5591            0.0320            0.0000           18.7262
            0.5563            0.0647            0.0000           17.3356
            0.5514            0.0977            0.0000           16.2118
            0.5444            0.1311            0.0000           15.3547
            0.5353            0.1645            0.0000           14.7645
            0.5239            0.1978            0.0000           14.4411
            0.5102            0.2308            0.0000           14.3150
            0.4943            0.2632            0.0000           14.2164
            0.4761            0.2948            0.0000           14.1375
            0.4557            0.3254            0.0000           14.0783
            0.4333            0.3548            0.0000           14.0389
            0.4089            0.3826            0.0000           14.0191
            0.3826            0.4089            0.0000           14.0191
            0.3548            0.4333            0.0000           14.0389
            0.3254            0.4557            0.0000           14.0783
            0.2948            0.4761            0.0000           14.1375
            0.2632            0.4943            0.0000           14.2164
            0.2308            0.5102            0.0000           14.3150
            0.1978            0.5239            0.0000           14.4411
            0.1645            0.5353            0.0000           14.7645
            0.1311            0.5444            0.0000           15.3547
            0.0977            0.5514            0.0000           16.2118
            0.0647            0.5563            0.0000           17.3356
            0.0320            0.5591            0.0000           18.7262
            0.0000            0.5600            0.0000           20.3837
            0.5800            0.0000            0.0000           27.1782
            0.5791            0.0332            0.0000           24.9683
            0.5761            0.0670            0.0000           23.1141
            0.5711            0.1012            0.0000           21.6157
            0.5639            0.1358            0.0000           20.4730
            0.5544            0.1704            0.0000           19.6860
            0.5426            0.2049            0.0000           19.2548
            0.5284            0.2391            0.0000           19.0867
            0.5119            0.2726            0.0000           18.9552
            0.4931            0.3054            0.0000           18.8500
            0.4720            0.3370            0.0000           18.7711
            0.4488            0.3674            0.0000           18.7185
            0.4235            0.3963            0.0000           18.6922
            0.3963            0.4235            0.0000           18.6922
            0.3674            0.4488            0.0000           18.7185
            0.3370            0.4720            0.0000           18.7711
            0.3054            0.4931            0.0000           18.8500
            0.2726            0.5119            0.0000           18.9552
            0.2391            0.5284            0.0000           19.0867
            0.2049            0.5426            0.0000           19.2548
            0.1704            0.5544            0.0000           19.6860
            0.1358            0.5639            0.0000           20.4730
            0.1012            0.5711            0.0000           21.6157
            0.0670            0.5761            0.0000           23.1141
            0.0332            0.5791            0.0000           24.9683
            0.0000            0.5800            0.0000           27.1782
            0.6000            0.0000            0.0000           33.9728
            0.5990            0.0343            0.0000           31.2104
            0.5960            0.0693            0.0000           28.8926
            0.5908            0.1047            0.0000           27.0196
            0.5833            0.1405            0.0000           25.5912
            0.5735            0.1763            0.0000           24.6075
            0.5613            0.2120            0.0000           24.0685
            0.5467            0.2473            0.0000           23.8584
            0.5296            0.2820            0.0000           23.6940
            0.5101            0.3159            0.0000           23.5625
            0.4883            0.3487            0.0000           23.4639
            0.4642            0.3801            0.0000           23.3981
            0.4381            0.4100            0.0000           23.3652
            0.4100            0.4381            0.0000           23.3652
            0.3801            0.4642            0.0000           23.3981
            0.3487            0.4883            0.0000           23.4639
            0.3159            0.5101            0.0000           23.5625
            0.2820            0.5296            0.0000           23.6940
            0.2473            0.5467            0.0000           23.8584
            0.2120            0.5613            0.0000           24.0686
            0.1763            0.5735            0.0000           24.6075
            0.1405            0.5833            0.0000           25.5912
            0.1047            0.5908            0.0000           27.0196
            0.0693            0.5960            0.0000           28.8926
            0.0343            0.5990            0.0000           31.2104
            0.0000            0.6000            0.0000           33.9728
            0.6200            0.0000            0.0000           40.7673
            0.6190            0.0355            0.0000           37.4524
            0.6159            0.0716            0.0000           34.6712
            0.6105            0.1082            0.0000           32.4235
            0.6028            0.1451            0.0000           30.7095
            0.5926            0.1822            0.0000           29.5291
            0.5800            0.2190            0.0000           28.8823
            0.5649            0.2556            0.0000           28.6301
            0.5472            0.2914            0.0000           28.4328
            0.5271            0.3264            0.0000           28.2750
            0.5046            0.3603            0.0000           28.1567
            0.4797            0.3928            0.0000           28.0777
            0.4527            0.4236            0.0000           28.0383
            0.4236            0.4527            0.0000           28.0383
            0.3928            0.4797            0.0000           28.0777
            0.3603            0.5046            0.0000           28.1567
            0.3264            0.5271            0.0000           28.2750
            0.2914            0.5472            0.0000           28.4328
            0.2556            0.5649            0.0000           28.6301
            0.2190            0.5800            0.0000           28.8823
            0.1822            0.5926            0.0000           29.5291
            0.1451            0.6028            0.0000           30.7095
            0.1082            0.6105            0.0000           32.4235
            0.0716            0.6159            0.0000           34.6712
            0.0355            0.6190            0.0000           37.4525
            0.0000            0.6200            0.0000           40.7674
            0.6400            0.0000            0.0000           45.6501
            0.6390            0.0366            0.0000           42.2478
            0.6357            0.0739            0.0000           39.3844
            0.6302            0.1117            0.0000           37.0598
            0.6222            0.1498            0.0000           35.2742
            0.6118            0.1880            0.0000           34.0274
            0.5987            0.2261            0.0000           33.3196
            0.5831            0.2638            0.0000           33.0127
            0.5649            0.3008            0.0000           32.7697
            0.5441            0.3370            0.0000           32.5754
            0.5208            0.3719            0.0000           32.4296
            0.4952            0.4054            0.0000           32.3324
            0.4673            0.4373            0.0000           32.2838
            0.4373            0.4673            0.0000           32.2838
            0.4054            0.4952            0.0000           32.3324
            0.3719            0.5208            0.0000           32.4296
            0.3370            0.5441            0.0000           32.5754
            0.3008            0.5649            0.0000           32.7697
            0.2638            0.5831            0.0000           33.0127
            0.2261            0.5987            0.0000           33.3196
            0.1880            0.6118            0.0000           34.0274
            0.1498            0.6222            0.0000           35.2742
            0.1117            0.6302            0.0000           37.0598
            0.0739            0.6357            0.0000           39.3844
            0.0366            0.6390            0.0000           42.2478
            0.0000            0.6400            0.0000           45.6502
            0.6600            0.0000            0.0000           49.8957
            0.6589            0.0377            0.0000           46.5609
            0.6556            0.0762            0.0000           43.7425
            0.6499            0.1152            0.0000           41.4403
            0.6417            0.1545            0.0000           39.6544
            0.6309            0.1939            0.0000           38.3848
            0.6174            0.2332            0.0000           37.6314
            0.6013            0.2720            0.0000           37.2656
            0.5825            0.3102            0.0000           36.9727
            0.5611            0.3475            0.0000           36.7384
            0.5371            0.3835            0.0000           36.5626
            0.5107            0.4181            0.0000           36.4454
            0.4819            0.4510            0.0000           36.3869
            0.4510            0.4819            0.0000           36.3869
            0.4181            0.5107            0.0000           36.4454
            0.3835            0.5371            0.0000           36.5626
            0.3475            0.5611            0.0000           36.7384
            0.3102            0.5825            0.0000           36.9727
            0.2720            0.6013            0.0000           37.2656
            0.2332            0.6174            0.0000           37.6314
            0.1939            0.6309            0.0000           38.3848
            0.1545            0.6417            0.0000           39.6544
            0.1152            0.6499            0.0000           41.4403
            0.0762            0.6556            0.0000           43.7425
            0.0377            0.6589            0.0000           46.5610
            0.0000            0.6600            0.0000           49.8957
            0.6800            0.0000            0.0000           54.1412
            0.6789            0.0389            0.0000           50.8741
            0.6755            0.0785            0.0000           48.1006
            0.6696            0.1187            0.0000           45.8207
            0.6611            0.1592            0.0000           44.0346
            0.6500            0.1998            0.0000           42.7421
            0.6361            0.2402            0.0000           41.9432
            0.6195            0.2803            0.0000           41.5185
            0.6002            0.3196            0.0000           41.1756
            0.5781            0.3580            0.0000           40.9014
            0.5534            0.3952            0.0000           40.6956
            0.5261            0.4308            0.0000           40.5585
            0.4965            0.4646            0.0000           40.4899
            0.4646            0.4965            0.0000           40.4899
            0.4308            0.5261            0.0000           40.5585
            0.3952            0.5534            0.0000           40.6956
            0.3580            0.5781            0.0000           40.9013
            0.3196            0.6002            0.0000           41.1756
            0.2803            0.6195            0.0000           41.5185
            0.2402            0.6361            0.0000           41.9432
            0.1998            0.6500            0.0000           42.7421
            0.1592            0.6611            0.0000           44.0346
            0.1187            0.6696            0.0000           45.8208
            0.0785            0.6755            0.0000           48.1006
            0.0389            0.6789            0.0000           50.8741
            0.0000            0.6800            0.0000           54.1412
            0.7000            0.0000            0.0000           58.3868
            0.6989            0.0400            0.0000           55.1872
            0.6953            0.0808            0.0000           52.4587
            0.6893            0.1222            0.0000           50.2012
            0.6805            0.1639            0.0000           48.4148
            0.6691            0.2057            0.0000           47.0994
            0.6549            0.2473            0.0000           46.2551
            0.6378            0.2885            0.0000           45.7714
            0.6178            0.3290            0.0000           45.3786
            0.5951            0.3685            0.0000           45.0643
            0.5697            0.4068            0.0000           44.8286
            0.5416            0.4434            0.0000           44.6715
            0.5111            0.4783            0.0000           44.5929
            0.4783            0.5111            0.0000           44.5929
            0.4434            0.5416            0.0000           44.6715
            0.4068            0.5697            0.0000           44.8286
            0.3685            0.5951            0.0000           45.0643
            0.3290            0.6178            0.0000           45.3786
            0.2885            0.6378            0.0000           45.7714
            0.2473            0.6549            0.0000           46.2551
            0.2057            0.6691            0.0000           47.0994
            0.1639            0.6805            0.0000           48.4148
            0.1222            0.6893            0.0000           50.2012
            0.0808            0.6953            0.0000           52.4587
            0.0400            0.6989            0.0000           55.1872
            0.0000            0.7000            0.0000           58.3868
            0.7200            0.0000            0.0000           62.6323
            0.7188            0.0412            0.0000           59.5003
            0.7152            0.0831            0.0000           56.8168
            0.7089            0.1257            0.0000           54.5817
            0.7000            0.1686            0.0000           52.7950
            0.6882            0.2115            0.0000           51.4567
            0.6736            0.2544            0.0000           50.5669
            0.6560            0.2968            0.0000           50.0243
            0.6355            0.3384            0.0000           49.5816
            0.6121            0.3791            0.0000           49.2273
            0.5860            0.4184            0.0000           48.9617
            0.5571            0.4561            0.0000           48.7845
            0.5257            0.4920            0.0000           48.6960
            0.4920            0.5257            0.0000           48.6960
            0.4561            0.5571            0.0000           48.7845
            0.4184            0.5860            0.0000           48.9617
            0.3791            0.6121            0.0000           49.2273
            0.3384            0.6355            0.0000           49.5816
            0.2968            0.6560            0.0000           50.0243
            0.2544            0.6736            0.0000           50.5669
            0.2115            0.6882            0.0000           51.4567
            0.1686            0.7000            0.0000           52.7950
            0.1257            0.7089            0.0000           54.5817
            0.0831            0.7152            0.0000           56.8168
            0.0412            0.7188            0.0000           59.5003
            0.0000            0.7200            0.0000           62.6323
            0.7400            0.0000            0.0000           66.8778
            0.7388            0.0423            0.0000           63.8134
            0.7351            0.0854            0.0000           61.1749
            0.7286            0.1292            0.0000           58.9621
            0.7194            0.1732            0.0000           57.1752
            0.7073            0.2174            0.0000           55.8141
            0.6923            0.2614            0.0000           54.8788
            0.6742            0.3050            0.0000           54.2772
            0.6532            0.3478            0.0000           53.7845
            0.6291            0.3896            0.0000           53.3903
            0.6022            0.4300            0.0000           53.0947
            0.5726            0.4688            0.0000           52.8976
            0.5403            0.5056            0.0000           52.7990
            0.5056            0.5403            0.0000           52.7990
            0.4688            0.5726            0.0000           52.8976
            0.4300            0.6022            0.0000           53.0947
            0.3896            0.6291            0.0000           53.3903
            0.3478            0.6532            0.0000           53.7845
            0.3050            0.6742            0.0000           54.2772
            0.2614            0.6923            0.0000           54.8788
            0.2174            0.7073            0.0000           55.8141
            0.1732            0.7194            0.0000           57.1752
            0.1292            0.7286            0.0000           58.9621
            0.0854            0.7351            0.0000           61.1749
            0.0423            0.7388            0.0000           63.8135
            0.0000            0.7400            0.0000           66.8779
            0.7600            0.0000            0.0000           70.5571
            0.7588            0.0435            0.0000           67.5923
            0.7549            0.0878            0.0000           65.0335
            0.7483            0.1326            0.0000           62.8808
            0.7389            0.1779            0.0000           61.1340
            0.7265            0.2233            0.0000           59.7932
            0.7110            0.2685            0.0000           58.8584
            0.6924            0.3133            0.0000           58.2437
            0.6708            0.3572            0.0000           57.7395
            0.6461            0.4001            0.0000           57.3361
            0.6185            0.4416            0.0000           57.0335
            0.5880            0.4815            0.0000           56.8318
            0.5549            0.5193            0.0000           56.7310
            0.5193            0.5549            0.0000           56.7310
            0.4815            0.5880            0.0000           56.8318
            0.4416            0.6185            0.0000           57.0335
            0.4001            0.6461            0.0000           57.3361
            0.3572            0.6708            0.0000           57.7395
            0.3133            0.6924            0.0000           58.2437
            0.2685            0.7110            0.0000           58.8584
            0.2233            0.7265            0.0000           59.7932
            0.1779            0.7389            0.0000           61.1340
            0.1326            0.7483            0.0000           62.8808
            0.0878            0.7549            0.0000           65.0335
            0.0435            0.7588            0.0000           67.5923
            0.0000            0.7600            0.0000           70.5571
            0.7800            0.0000            0.0000           73.6700
            0.7787            0.0446            0.0000           70.8369
            0.7748            0.0901            0.0000           68.3928
            0.7680            0.1361            0.0000           66.3376
            0.7583            0.1826            0.0000           64.6714
            0.7456            0.2292            0.0000           63.3941
            0.7297            0.2756            0.0000           62.5057
            0.7107            0.3215            0.0000           61.9238
            0.6885            0.3666            0.0000           61.4465
            0.6631            0.4107            0.0000           61.0647
            0.6348            0.4533            0.0000           60.7783
            0.6035            0.4941            0.0000           60.5874
            0.5695            0.5330            0.0000           60.4919
            0.5330            0.5695            0.0000           60.4919
            0.4941            0.6035            0.0000           60.5874
            0.4533            0.6348            0.0000           60.7783
            0.4107            0.6631            0.0000           61.0647
            0.3666            0.6885            0.0000           61.4465
            0.3215            0.7107            0.0000           61.9238
            0.2756            0.7297            0.0000           62.5057
            0.2292            0.7456            0.0000           63.3941
            0.1826            0.7583            0.0000           64.6714
            0.1361            0.7680            0.0000           66.3376
            0.0901            0.7748            0.0000           68.3928
            0.0446            0.7787            0.0000           70.8369
            0.0000            0.7800            0.0000           73.6700
            0.8000            0.0000            0.0000           76.7829
            0.7987            0.0458            0.0000           74.0815
            0.7946            0.0924            0.0000           71.7520
            0.7877            0.1396            0.0000           69.7944
            0.7778            0.1873            0.0000           68.2087
            0.7647            0.2350            0.0000           66.9949
            0.7484            0.2826            0.0000           66.1531
            0.7289            0.3297            0.0000           65.6039
            0.7061            0.3760            0.0000           65.1535
            0.6801            0.4212            0.0000           64.7932
            0.6511            0.4649            0.0000           64.5230
            0.6190            0.5068            0.0000           64.3429
            0.5841            0.5466            0.0000           64.2528
            0.5466            0.5841            0.0000           64.2528
            0.5068            0.6190            0.0000           64.3429
            0.4649            0.6511            0.0000           64.5230
            0.4212            0.6801            0.0000           64.7932
            0.3760            0.7061            0.0000           65.1535
            0.3297            0.7289            0.0000           65.6039
            0.2826            0.7484            0.0000           66.1531
            0.2350            0.7647            0.0000           66.9950
            0.1873            0.7778            0.0000           68.2087
            0.1396            0.7877            0.0000           69.7944
            0.0924            0.7946            0.0000           71.7520
            0.0458            0.7987            0.0000           74.0815
            0.0000            0.8000            0.0000           76.7830
            0.8200            0.0000            0.0000           79.8959
            0.8187            0.0469            0.0000           77.3261
            0.8145            0.0947            0.0000           75.1113
            0.8074            0.1431            0.0000           73.2513
            0.7972            0.1920            0.0000           71.7461
            0.7838            0.2409            0.0000           70.5958
            0.7671            0.2897            0.0000           69.8004
            0.7471            0.3380            0.0000           69.2839
            0.7238            0.3854            0.0000           68.8605
            0.6971            0.4317            0.0000           68.5218
            0.6673            0.4765            0.0000           68.2677
            0.6345            0.5195            0.0000           68.0984
            0.5987            0.5603            0.0000           68.0137
            0.5603            0.5987            0.0000           68.0137
            0.5195            0.6345            0.0000           68.0984
            0.4765            0.6673            0.0000           68.2678
            0.4317            0.6971            0.0000           68.5218
            0.3854            0.7238            0.0000           68.8605
            0.3380            0.7471            0.0000           69.2839
            0.2897            0.7671            0.0000           69.8005
            0.2409            0.7838            0.0000           70.5959
            0.1920            0.7972            0.0000           71.7461
            0.1431            0.8074            0.0000           73.2513
            0.0947            0.8145            0.0000           75.1113
            0.0469            0.8187            0.0000           77.3261
            0.0000            0.8200            0.0000           79.8959
            0.8400            0.0000            0.0000           83.0088
            0.8386            0.0480            0.0000           80.5707
            0.8344            0.0970            0.0000           78.4705
            0.8271            0.1466            0.0000           76.7081
            0.8167            0.1966            0.0000           75.2835
            0.8029            0.2468            0.0000           74.1967
            0.7858            0.2968            0.0000           73.4478
            0.7653            0.3462            0.0000           72.9640
            0.7414            0.3948            0.0000           72.5675
            0.7142            0.4423            0.0000           72.2504
            0.6836            0.4881            0.0000           72.0125
            0.6499            0.5321            0.0000           71.8539
            0.6133            0.5740            0.0000           71.7746
            0.5740            0.6133            0.0000           71.7746
            0.5321            0.6499            0.0000           71.8539
            0.4881            0.6836            0.0000           72.0125
            0.4423            0.7142            0.0000           72.2504
            0.3948            0.7414            0.0000           72.5675
            0.3462            0.7653            0.0000           72.9640
            0.2968            0.7858            0.0000           73.4478
            0.2468            0.8029            0.0000           74.1968
            0.1966            0.8167            0.0000           75.2835
            0.1466            0.8271            0.0000           76.7081
            0.0970            0.8344            0.0000           78.4705
            0.0480            0.8386            0.0000           80.5707
            0.0000            0.8400            0.0000           83.0088
            0.8600            0.0000            0.0000           86.1217
            0.8586            0.0492            0.0000           83.8153
            0.8542            0.0993            0.0000           81.8298
            0.8468            0.1501            0.0000           80.1649
            0.8361            0.2013            0.0000           78.8209
            0.8220            0.2527            0.0000           77.7976
            0.8045            0.3038            0.0000           77.0952
            0.7835            0.3545            0.0000           76.6440
            0.7591            0.4042            0.0000           76.2745
            0.7312            0.4528            0.0000           75.9789
            0.6999            0.4998            0.0000           75.7572
            0.6654            0.5448            0.0000           75.6094
            0.6279            0.5876            0.0000           75.5355
            0.5876            0.6279            0.0000           75.5355
            0.5448            0.6654            0.0000           75.6094
            0.4998            0.6999            0.0000           75.7572
            0.4528            0.7312            0.0000           75.9789
            0.4042            0.7591            0.0000           76.2745
            0.3545            0.7835            0.0000           76.6440
            0.3038            0.8045            0.0000           77.0952
            0.2527            0.8220            0.0000           77.7977
            0.2013            0.8361            0.0000           78.8209
            0.1501            0.8468            0.0000           80.1649
            0.0993            0.8542            0.0000           81.8298
            0.0492            0.8586            0.0000           83.8154
            0.0000            0.8600            0.0000           86.1217
            0.8800            0.0000            0.0000           88.9182
            0.8786            0.0503            0.0000           86.7989
            0.8741            0.1016            0.0000           84.9752
            0.8665            0.1536            0.0000           83.4473
            0.8555            0.2060            0.0000           82.2150
            0.8412            0.2586            0.0000           81.2784
            0.8232            0.3109            0.0000           80.6375
            0.8018            0.3627            0.0000           80.2279
            0.7767            0.4136            0.0000           79.8926
            0.7482            0.4633            0.0000           79.6243
            0.7162            0.5114            0.0000           79.4231
            0.6809            0.5575            0.0000           79.2890
            0.6425            0.6013            0.0000           79.2219
            0.6013            0.6425            0.0000           79.2220
            0.5575            0.6809            0.0000           79.2890
            0.5114            0.7162            0.0000           79.4231
            0.4633            0.7482            0.0000           79.6243
            0.4136            0.7767            0.0000           79.8926
            0.3627            0.8018            0.0000           80.2279
            0.3109            0.8232            0.0000           80.6375
            0.2586            0.8412            0.0000           81.2784
            0.2060            0.8555            0.0000           82.2150
            0.1536            0.8665            0.0000           83.4473
            0.1016            0.8741            0.0000           84.9752
            0.0503            0.8786            0.0000           86.7989
            0.0000            0.8800            0.0000           88.9182
            0.9000            0.0000            0.0000           90.7651
            0.8985            0.0515            0.0000           88.9990
            0.8940            0.1039            0.0000           87.4794
            0.8862            0.1571            0.0000           86.2060
            0.8750            0.2107            0.0000           85.1791
            0.8603            0.2644            0.0000           84.3986
            0.8420            0.3180            0.0000           83.8645
            0.8200            0.3710            0.0000           83.5233
            0.7944            0.4230            0.0000           83.2438
            0.7652            0.4738            0.0000           83.0203
            0.7324            0.5230            0.0000           82.8526
            0.6964            0.5701            0.0000           82.7408
            0.6571            0.6150            0.0000           82.6850
            0.6150            0.6571            0.0000           82.6850
            0.5701            0.6964            0.0000           82.7408
            0.5230            0.7324            0.0000           82.8526
            0.4738            0.7652            0.0000           83.0203
            0.4230            0.7944            0.0000           83.2438
            0.3710            0.8200            0.0000           83.5233
            0.3180            0.8420            0.0000           83.8646
            0.2644            0.8603            0.0000           84.3987
            0.2107            0.8750            0.0000           85.1792
            0.1571            0.8862            0.0000           86.2061
            0.1039            0.8940            0.0000           87.4794
            0.0515            0.8985            0.0000           88.9990
            0.0000            0.9000            0.0000           90.7652
            0.9200            0.0000            0.0000           92.6121
            0.9185            0.0526            0.0000           91.1992
            0.9138            0.1062            0.0000           89.9835
            0.9059            0.1606            0.0000           88.9648
            0.8944            0.2154            0.0000           88.1433
            0.8794            0.2703            0.0000           87.5189
            0.8607            0.3250            0.0000           87.0916
            0.8382            0.3792            0.0000           86.8186
            0.8120            0.4324            0.0000           86.5951
            0.7822            0.4844            0.0000           86.4162
            0.7487            0.5346            0.0000           86.2821
            0.7118            0.5828            0.0000           86.1927
            0.6717            0.6286            0.0000           86.1480
            0.6286            0.6717            0.0000           86.1480
            0.5828            0.7118            0.0000           86.1927
            0.5346            0.7487            0.0000           86.2821
            0.4844            0.7822            0.0000           86.4162
            0.4324            0.8120            0.0000           86.5951
            0.3792            0.8382            0.0000           86.8186
            0.3250            0.8607            0.0000           87.0917
            0.2703            0.8794            0.0000           87.5189
            0.2154            0.8944            0.0000           88.1433
            0.1606            0.9059            0.0000           88.9648
            0.1062            0.9138            0.0000           89.9835
            0.0526            0.9185            0.0000           91.1992
            0.0000            0.9200            0.0000           92.6121
            0.9400            0.0000            0.0000           94.4591
            0.9385            0.0538            0.0000           93.3994
            0.9337            0.1085            0.0000           92.4876
            0.9256            0.1641            0.0000           91.7236
            0.9139            0.2201            0.0000           91.1075
            0.8985            0.2762            0.0000           90.6392
            0.8794            0.3321            0.0000           90.3187
            0.8564            0.3874            0.0000           90.1140
            0.8297            0.4418            0.0000           89.9463
            0.7992            0.4949            0.0000           89.8122
            0.7650            0.5462            0.0000           89.7116
            0.7273            0.5955            0.0000           89.6445
            0.6863            0.6423            0.0000           89.6110
            0.6423            0.6863            0.0000           89.6110
            0.5955            0.7273            0.0000           89.6445
            0.5462            0.7650            0.0000           89.7116
            0.4949            0.7992            0.0000           89.8122
            0.4418            0.8297            0.0000           89.9463
            0.3874            0.8564            0.0000           90.1140
            0.3321            0.8794            0.0000           90.3187
            0.2762            0.8985            0.0000           90.6392
            0.2201            0.9139            0.0000           91.1075
            0.1641            0.9256            0.0000           91.7236
            0.1085            0.9337            0.0000           92.4876
            0.0538            0.9385            0.0000           93.3994
            0.0000            0.9400            0.0000           94.4591
            0.9600            0.0000            0.0000           96.3061
            0.9584            0.0549            0.0000           95.5996
            0.9536            0.1108            0.0000           94.9917
            0.9453            0.1676            0.0000           94.4824
            0.9333            0.2247            0.0000           94.0717
            0.9176            0.2821            0.0000           93.7595
            0.8981            0.3392            0.0000           93.5458
            0.8747            0.3957            0.0000           93.4093
            0.8473            0.4512            0.0000           93.2975
            0.8162            0.5054            0.0000           93.2081
            0.7813            0.5579            0.0000           93.1410
            0.7428            0.6082            0.0000           93.0963
            0.7009            0.6560            0.0000           93.0740
            0.6560            0.7009            0.0000           93.0740
            0.6082            0.7428            0.0000           93.0963
            0.5579            0.7813            0.0000           93.1410
            0.5054            0.8162            0.0000           93.2081
            0.4512            0.8473            0.0000           93.2975
            0.3957            0.8747            0.0000           93.4093
            0.3392            0.8981            0.0000           93.5458
            0.2821            0.9176            0.0000           93.7595
            0.2247            0.9333            0.0000           94.0717
            0.1676            0.9453            0.0000           94.4824
            0.1108            0.9536            0.0000           94.9917
            0.0549            0.9584            0.0000           95.5996
            0.0000            0.9600            0.0000           96.3061
            0.9800            0.0000            0.0000           98.1530
            0.9784            0.0560            0.0000           97.7998
            0.9734            0.1132            0.0000           97.4959
            0.9650            0.1710            0.0000           97.2412
            0.9528            0.2294            0.0000           97.0358
            0.9367            0.2879            0.0000           96.8797
            0.9168            0.3462            0.0000           96.7729
            0.8929            0.4039            0.0000           96.7047
            0.8650            0.4606            0.0000           96.6488
            0.8332            0.5160            0.0000           96.6041
            0.7975            0.5695            0.0000           96.5705
            0.7583            0.6208            0.0000           96.5482
            0.7155            0.6696            0.0000           96.5370
            0.6696            0.7155            0.0000           96.5370
            0.6208            0.7583            0.0000           96.5482
            0.5695            0.7975            0.0000           96.5705
            0.5160            0.8332            0.0000           96.6041
            0.4606            0.8650            0.0000           96.6488
            0.4039            0.8929            0.0000           96.7047
            0.3462            0.9168            0.0000           96.7729
            0.2879            0.9367            0.0000           96.8797
            0.2294            0.9528            0.0000           97.0358
            0.1710            0.9650            0.0000           97.2412
            0.1132            0.9734            0.0000           97.4959
            0.0560            0.9784            0.0000           97.7998
            0.0000            0.9800            0.0000           98.1530
            1.0000            0.0000            0.0000          100.0000
            0.9984            0.0572            0.0000          100.0000
            0.9933            0.1155            0.0000          100.0000
            0.9847            0.1745            0.0000          100.0000
            0.9722            0.2341            0.0000          100.0000
            0.9559            0.2938            0.0000          100.0000
            0.9355            0.3533            0.0000          100.0000
            0.9111            0.4122            0.0000          100.0000
            0.8826            0.4700            0.0000          100.0000
            0.8502            0.5265            0.0000          100.0000
            0.8138            0.5811            0.0000          100.0000
            0.7737            0.6335            0.0000          100.0000
            0.7301            0.6833            0.0000          100.0000
            0.6833            0.7301            0.0000          100.0000
            0.6335            0.7737            0.0000          100.0000
            0.5811            0.8138            0.0000          100.0000
            0.5265            0.8502            0.0000          100.0000
            0.4700            0.8826            0.0000          100.0000
            0.4122            0.9111            0.0000          100.0000
            0.3533            0.9355            0.0000          100.0000
            0.2938            0.9559            0.0000          100.0000
            0.2341            0.9722            0.0000          100.0000
            0.1745            0.9847            0.0000          100.0000
            0.1155            0.9933            0.0000          100.0000
            0.0572            0.9984            0.0000          100.0000
            0.0000            1.0000            0.0000          100.0000
